name: iot
channels:
  - conda-forge
  - defaults
dependencies:
  - asttokens=3.0.0=pyhd8ed1ab_1
  - bzip2=1.0.8=h2bbff1b_6
  - ca-certificates=2025.7.9=h4c7d964_0
  - colorama=0.4.6=pyhd8ed1ab_1
  - comm=0.2.2=pyhd8ed1ab_1
  - cpython=3.10.18=py310hd8ed1ab_0
  - debugpy=1.8.14=py310h9e98ed7_0
  - decorator=5.2.1=pyhd8ed1ab_0
  - exceptiongroup=1.3.0=pyhd8ed1ab_0
  - executing=2.2.0=pyhd8ed1ab_0
  - importlib-metadata=8.7.0=pyhe01879c_1
  - ipykernel=6.29.5=pyh4bbf305_0
  - ipython=8.37.0=pyha7b4d00_0
  - jedi=0.19.2=pyhd8ed1ab_1
  - jupyter_client=8.6.3=pyhd8ed1ab_1
  - jupyter_core=5.8.1=pyh5737063_0
  - krb5=1.21.3=hdf4eb48_0
  - libexpat=2.7.0=he0c23c2_0
  - libffi=3.4.4=hd77b12b_1
  - liblzma=5.8.1=h2466b09_2
  - liblzma-devel=5.8.1=h2466b09_2
  - libsodium=1.0.20=hc70643c_0
  - libsqlite=3.50.2=hf5d6505_2
  - libzlib=1.3.1=h2466b09_2
  - matplotlib-inline=0.1.7=pyhd8ed1ab_1
  - nest-asyncio=1.6.0=pyhd8ed1ab_1
  - openssl=3.5.1=h725018a_0
  - packaging=25.0=pyh29332c3_1
  - parso=0.8.4=pyhd8ed1ab_1
  - pickleshare=0.7.5=pyhd8ed1ab_1004
  - pip=25.1=pyhc872135_2
  - platformdirs=4.3.8=pyhe01879c_0
  - prompt-toolkit=3.0.51=pyha770c72_0
  - psutil=7.0.0=py310ha8f682b_0
  - pure_eval=0.2.3=pyhd8ed1ab_1
  - pygments=2.19.2=pyhd8ed1ab_0
  - python=3.10.18=h8c5b53a_0_cpython
  - python-dateutil=2.9.0.post0=pyhe01879c_2
  - python_abi=3.10=7_cp310
  - pywin32=307=py310h9e98ed7_3
  - pyzmq=27.0.0=py310h656833d_0
  - setuptools=78.1.1=py310haa95532_0
  - six=1.17.0=pyhd8ed1ab_0
  - sqlite=3.45.3=h2bbff1b_0
  - stack_data=0.6.3=pyhd8ed1ab_1
  - tk=8.6.13=h2c6b04d_2
  - tornado=6.5.1=py310ha8f682b_0
  - traitlets=5.14.3=pyhd8ed1ab_1
  - typing_extensions=4.14.1=pyhe01879c_0
  - ucrt=10.0.22621.0=haa95532_0
  - vc=14.3=h2df5915_10
  - vc14_runtime=14.44.35208=h4927774_10
  - vs2015_runtime=14.44.35208=ha6b5a95_10
  - wcwidth=0.2.13=pyhd8ed1ab_1
  - wheel=0.45.1=py310haa95532_0
  - xz=5.8.1=h208afaa_2
  - xz-tools=5.8.1=h2466b09_2
  - zeromq=4.3.5=ha9f60a1_7
  - zipp=3.23.0=pyhd8ed1ab_0
  - zlib=1.3.1=h2466b09_2
  - pip:
      - filelock==3.13.1
      - fsspec==2024.6.1
      - ipywidgets==8.1.7
      - jinja2==3.1.4
      - joblib==1.5.1
      - jupyterlab-widgets==3.0.15
      - markupsafe==2.1.5
      - mpmath==1.3.0
      - networkx==3.3
      - numpy==2.2.6
      - pandas==2.3.1
      - pillow==11.0.0
      - pytz==2025.2
      - scikit-learn==1.7.0
      - scipy==1.15.3
      - sympy==1.13.3
      - threadpoolctl==3.6.0
      - torch==2.7.1+cu118
      - torchaudio==2.7.1+cu118
      - torchvision==0.22.1+cu118
      - tqdm==4.67.1
      - tzdata==2025.2
      - widgetsnbextension==4.0.14
prefix: C:\Users\addmin\anaconda3\envs\iot
